Name 04 0 0
1475074447479
Name 04 0 1
1475074447479
Name 04 0 2
1475074447479
Name 04 0 3
1475074447479
Name 04 0 4
1475074447479
Name 04 1 0
1475074447479
Name 04 1 1
1475074447479
Name 04 1 2
1475074447479
Name 04 1 3
1475074447479
Name 04 1 4
1475074447479
Name 04 2 0
1475074447479
Name 04 2 1
1475074447479
Name 04 2 2
1475074447479
Name 04 2 3
1475074447479
Name 04 2 4
1475074447479
Name 04 3 0
1475074447479
Name 04 3 1
1475074447479
Name 04 3 2
1475074447479
Name 04 3 3
1475074447479
Name 04 3 4
1475074447479
Name 04 4 0
1475074447479
Name 04 4 1
1475074447479
Name 04 4 2
1475074447479
Name 04 4 3
1475074447479
Name 04 4 4
1475074447479
